   9.8728531e-01  -1.5601483e-01   3.0448319e-02   0.0000000e+00
   1.5868936e-01   9.5622770e-01  -2.4585822e-01   0.0000000e+00
   9.2420013e-03   2.4756403e-01   9.6882745e-01   0.0000000e+00
   0.0000000e+00   0.0000000e+00   0.0000000e+00   1.0000000e+00
